0 0.14440562174479168 0.3958244791666667 0.0062793369140625 0.005363600260416667
0 0.12582925130208333 0.39405839843749996 0.0034013076171875 0.0026163904296875
0 0.13845333333333334 0.3871249674479167 0.0082416298828125 0.007849171223958333
0 0.13289350260416666 0.38790989583333335 0.0023547513997395834 0.0020931123697916667
0 0.13472497721354168 0.3767248046875 0.00968064453125 0.005101961263020834
0 0.11209319986979166 0.36985680338541665 0.0023547513997395834 0.0018314733072916669
0 0.210404072265625 0.39118037109375003 0.003793766276041667 0.0034013076171875
0 0.216487177734375 0.3839198893229167 0.008634088541666666 0.0129511328125
0 0.190715732421875 0.396609375 0.013866869466145834 0.007718351888020833
0 0.17985771158854166 0.393404296875 0.0026163904296875 0.0034013076171875
0 0.12576384114583333 0.33859091796875 0.0030088490234375 0.004447863606770833
0 0.08390159179687501 0.35932581380208334 0.0032704879557291667 0.004317044270833333
0 0.08632175455729167 0.35782138671875 0.00130819521484375 0.0020931123697916667
0 0.06302048502604167 0.3358429036458333 0.004226903971354167 0.0040376396484375
0 0.05396734049479166 0.31972388997395834 0.006939693033854166 0.0038483753255208336
0 0.03895236979166667 0.32596962890625 0.006561164388020833 0.00485778515625
0 0.07106422200520833 0.31297346028645834 0.0036591110026041665 0.0023342603841145834
0 0.011487014973958334 0.045165673828125 0.024866174804687502 0.028257016927083333
0 0.2727955078125 0.0225467177734375 0.11935763997395833 0.04586271158854167
0 0.29095810546875 0.33116595052083336 0.01831473307291667 0.007979990885416666
0 0.45899296875 0.33575846354166666 0.023233547200520833 0.013971525065104165
0 0.43473902994791663 0.31629253255208334 0.0215067294921875 0.028100033203125
0 0.6274115559895833 0.263212919921875 0.0199682919921875 0.021098572591145833
0 0.675354296875 0.29052803385416665 0.0062165436197916665 0.009795765950520834
0 0.6792860026041666 0.31587649739583334 0.0142773720703125 0.009623083984375001
0 0.6528476888020833 0.3063227473958333 0.008939333984375 0.013845066080729168
0 0.5867293294270833 0.28555514973958335 0.0044696669921875 0.0067590087890625
0 0.6006833984375001 0.2740539322916667 0.007086057291666666 0.004905732096354166
0 0.5858457682291667 0.36527119140625003 0.007176904296875001 0.006540976236979167
0 0.5866634114583333 0.37063115234375 0.00172609091796875 0.0019986315755208335
0 0.6355752278645833 0.20665409505208332 0.016461456380208333 0.0246376767578125
0 0.65710595703125 0.20621803059895835 0.0039245856119791665 0.0039245856119791665
0 0.6815801106770834 0.21668359049479166 0.005559829752604166 0.005886878580729167
0 0.6899198567708332 0.19766025065104167 0.008939333984375 0.006649992513020834
0 0.73006982421875 0.235392236328125 0.012173483398437499 0.010901626953125
0 0.7411364257812499 0.18081723958333332 0.0055263981119791665 0.0041222685546875
0 0.7537565104166667 0.18284421549479168 0.015716512044270835 0.012536870768229166
0 0.7998394205729166 0.18872844401041666 0.005257343098958333 0.004048154296875
0 0.8051493489583333 0.18312937174479169 0.0031544059244791663 0.003680140299479167
0 0.8032567057291667 0.18076356770833335 -0.000105146865234375 0.0
0 0.8077254557291668 0.170958623046875 0.0016823498372395835 0.0016297763997395835
0 0.8821532226562501 0.24443296549479165 0.0088121484375 0.014535502604166667
0 0.9305746093749999 0.27236838216145837 0.0029979473958333335 0.0031796411783854167
0 0.9737723307291667 0.29666992513020835 0.0041789570312500005 0.008721301432291667
0 0.9117693033854167 0.31429422200520835 0.0244378134765625 0.013445339843750001
0 0.8243367513020834 0.31263021158854165 0.003558169921875 0.0026497009765625
0 0.8284248697916667 0.31872452148437497 0.0034067584635416666 0.002725406705729167
0 0.8376231119791666 0.32315330729166664 0.0036338756510416667 0.006283576497395833
0 0.8143814453124999 0.31471211914062497 0.003785287109375 0.0034824641927083335
0 0.8141058919270834 0.36693818359374997 0.0027472099609375 0.0028780294921875
0 0.721178515625 0.33056276041666666 0.010882700520833332 0.0081488818359375
0 0.7455856770833332 0.3615868489583333 0.02316595703125 0.0350517578125
0 0.7257533203125001 0.4241623046875 0.0159612939453125 0.013627033528645834
0 0.7772900065104166 0.41582203776041665 0.004920873372395833 0.005602224934895834
0 0.6766770833333333 0.44216764322916663 0.0090089833984375 0.02316595703125
0 0.6998597005208333 0.48349694010416666 0.03652044921875 0.025400790690104164
0 0.7151764973958333 0.5187637044270833 0.0054508134765625 0.006322943684895833
0 0.9483380533854167 0.43874313151041666 0.09087456705729167 0.03752531901041667
0 0.9930258138020833 0.47990940755208333 0.0041426181640624995 0.0041426181640624995
0 0.9617926432291667 0.47522171223958337 0.005559829752604166 0.006322943684895833
0 0.8974403645833333 0.5503426432291666 0.010029496744791666 0.011773756835937501
0 0.89940263671875 0.5791774414062499 0.0030524555013020835 0.0038155693359375
0 0.4962988932291667 0.011925050455729167 0.003936698567708333 0.004012404296875
0 0.22328885416666666 0.7066661458333333 0.08635344401041667 0.025318287109375
0 0.13953505533854166 0.7157083984375 0.008816189127604167 0.0126591435546875
0 0.16033222005208334 0.7031622721354167 0.015597873372395833 0.0074598525390625
0 0.08009885091145834 0.7006897135416666 0.004261949869791667 0.0029106326171875
0 0.02217274348958333 0.7083947916666666 0.004542344401041666 0.0034824641927083335
0 0.09382822916666667 0.7050637369791667 0.00734345703125 0.009841746419270834
0 0.12305064453124999 0.6878406575520833 0.00295252392578125 0.003103935416666667
0 0.16832267903645834 0.697095703125 0.008579984049479166 0.009147777018229166
0 0.245048427734375 0.7243236653645834 0.006017697916666666 0.008764907877604167
0 0.27317462565104167 0.7304722005208334 0.013343591145833333 0.007718351888020833
0 0.2623166048177083 0.73629365234375 0.006017697916666666 0.004971141927083333
0 0.2500195703125 0.7479365885416667 0.008372449544270834 0.005494419921875
0 0.2593077571614583 0.7498988932291667 0.005494419921875 0.004971141927083333
0 0.23177024739583332 0.7617380533854167 0.024724889648437498 0.018183913736979165
0 0.222743701171875 0.7759973958333334 0.023155055338541664 0.010858020182291666
0 0.20815732421875 0.7664475585937499 0.01098883984375 0.010073103190104167
0 0.12694351888020833 0.8214697265625 0.023961950195312498 0.026674623697916667
0 0.0941753125 0.9644660807291667 0.0034885205078125 0.005995894856770833
0 0.30189175130208334 0.8501375651041667 0.005494419921875 0.006802615234375
0 0.24132231119791667 0.8185446614583333 0.010465561848958332 0.007195073567708334
0 0.26201796223958335 0.8746008138020834 0.04756597981770833 0.07079952473958333
0 0.3494331380208333 0.7681795572916666 0.005047049479166667 0.006813516927083333
0 0.3834376302083333 0.7473604817708334 0.0034067584635416666 0.0040376396484375
0 0.3755831705729167 0.75527802734375 0.00321749404296875 0.0037221988932291668
0 0.5037780924479166 0.9828536783854167 0.011664740885416665 0.011337692057291666
0 0.7932573567708333 0.9585573567708333 0.07075556966145834 0.08341471354166667
0 0.8458154296874999 0.9709904622395834 0.01853660286458333 0.04001193684895833
0 0.8561009765625 0.9965347981770832 0.003842954427083333 0.003842954427083333
0 0.8649171549479168 0.9469154622395833 0.008364076822916667 0.013111255859374999
0 0.9668684895833333 0.77515048828125 0.012056327148437499 0.039559824218750005
0 0.9719547526041666 0.7465166992187501 0.03315489908854167 0.03315489908854167
0 0.9768526367187499 0.7257948893229167 0.007535204427083333 0.009042245442708334
0 0.6920260416666667 0.8133742838541668 0.0143840908203125 0.0151411484375
0 0.6687465169270833 0.8358967447916666 0.010825921223958333 0.010825921223958333
0 0.6813893880208334 0.8363509765625 0.010977332682291667 0.004920873372395833
0 0.6639392252604167 0.8191657877604167 0.005602224934895834 0.00688922265625
0 0.6954043294270833 0.86865703125 0.004542344401041666 0.005269119791666666
0 0.72901767578125 0.8181916015624999 0.018532765625 0.011174167643229168
0 0.8523853190104167 0.8058713216145833 0.009811464192708333 0.0150442451171875
0 0.858490234375 0.8331253906249999 0.013299984700520835 0.022021286132812498
0 0.86154267578125 0.8636499348958333 0.0143901474609375 0.03662946614583334
0 0.8372865559895833 0.8093053385416668 0.007522122395833333 0.006649992513020834
0 0.8686832682291666 0.816500390625 0.00163524404296875 0.0022893416341145836
0 0.873207421875 0.8032549153645833 0.007849171223958333 0.005886878580729167
0 0.9038998046875001 0.8069094726562499 0.004353080078125 0.0032805820312499998
0 0.9595934244791667 0.8043983723958333 0.019304964192708333 0.0151411484375
0 0.44628076171875003 0.28134449869791667 0.01687571842447917 0.027472099609374998
0 0.4031108723958334 0.5362443033854166 0.013690121744791667 0.011103508789062501
0 0.40083971354166664 0.5242890950520833 0.015835117838541666 0.011545125651041667
0 0.46884869791666667 0.5157722005208333 0.0056148424479166665 0.005993371093750001
0 0.4265120768229167 0.63847607421875 0.005756058919270834 0.004317044270833333
0 0.17364879557291668 0.62287119140625 0.0042516344401041664 0.0039245856119791665
0 0.60050771484375 0.14275572916666665 0.017137357421875 0.017529816080729167
0 0.5953883138020833 0.07940855794270833 0.003706553059895833 0.009157366536458334
0 0.9945867187499999 0.34403815104166663 0.010926046549479167 0.007723584635416667
0 0.9755603190104166 0.32840257161458336 0.022982373697916666 0.014505268554687499
0 0.8365975585937501 0.45877890625 0.008372449544270834 0.017398996419270833
0 0.43996982421874997 0.4142577799479166 0.028570983723958332 0.017268177083333332
0 0.29424794921875 0.43351891276041665 0.00264692626953125 0.002799048470052083
0 0.15322799479166668 0.76026845703125 0.02080030403645833 0.013474410807291665
0 0.11624933919270834 0.8879532877604167 0.026163904296875 0.0092663828125